48 1 34.530848
498 2 416.808272
1072 3 534.49184392
2090 4 949.457982
2358 5 245.209894
2670 6 285.950294
3560 7 834.134392
4577 8 956.57714
5605 9 965.29084
6622 10 957.181028
6855 11 211.166894
7865 12 947.032374
8127 13 241.103094
8789 14 622.223558
9363 15 537.9059448
9597 16 211.633294
10614 17 958.71024
11624 18 948.400486
12643 19 963.963114
13661 20 962.0812792
14678 21 956.2748014
14911 22 212.160254
15361 23 420.281294
16381 24 961.5932104
16831 25 419.373494
17491 26 621.180486
18508 27 958.59843
19527 28 962.484552
20548 29 961.878096
21209 30 621.815884
21498 31 265.458396
21767 32 245.938294
22197 33 402.287094
22906 34 661.883532
23602 35 650.232
24619 36 955.251454
24649 37 19.694
25358 38 665.08987
26375 39 954.221362
26808 40 401.772094
27826 41 953.227642
28488 42 621.9737404
28621 43 117.067294
29639 44 962.054616
30656 45 958.382268
31316 46 622.107618
31749 47 401.751494
32408 48 621.509628
33426 49 952.888482
34443 50 958.17035738
35136 51 649.8864248
36150 52 962.164489
37177 53 962.623834
38151 54 920.9900978
38811 55 622.378726
39827 56 961.86661
40847 57 962.769724
41861 58 961.71175
42559 59 650.754618
43268 60 665.6274446
44282 61 963.4490158
45296 62 961.628462
46321 63 962.830108
47336 64 962.2182494
48357 65 961.805924
49371 66 961.770114
50031 67 621.942818
51045 68 961.84852
51705 69 622.163338
52720 70 962.158144
53379 71 621.883324
54395 72 962.126066
54629 73 212.318596
55642 74 961.588839
56658 75 960.698533
57673 76 961.855646
58330 77 621.33656282
58987 78 621.729732
59721 79 692.542138
60735 80 961.980538
61749 81 961.887346
62763 82 961.626596
63775 83 961.6100648
64785 84 961.9379116
65795 85 962.064762
66809 86 962.28291
67823 87 961.6178484
68834 88 961.8819698
69848 89 961.817976
70861 90 961.5221558
71874 91 962.062798
72884 92 961.93837
73896 93 961.695222
74908 94 961.402338
75920 95 962.10119218
76932 96 961.76535
77945 97 961.5353413
78956 98 961.72105556
79969 99 962.0214802
80983 100 962.34159
81996 101 963.9377376
83006 102 961.549954
84017 103 962.0232288
85027 104 961.88087
86039 105 961.472386
87050 106 961.895056
88060 107 962.037386
89076 108 962.229486
90087 109 962.0809
91099 110 962.014696
91756 111 620.760576
92768 112 961.8302084
93778 113 962.112228
94793 114 962.2871014
95804 115 962.069366
96817 116 961.961384
97831 117 961.9293682
98843 118 961.6206972
99853 119 962.425514
100866 120 962.096234
101878 121 962.216196
102535 122 621.65726
103551 123 960.8857376
104568 124 962.7097182
105581 125 962.324896
105611 126 19.694
106271 127 620.856058
106928 128 621.7913
107941 129 962.676721292
108959 130 962.067336
109616 131 621.8003574
110630 132 962.0557518
111642 133 962.503362
112301 134 621.1903296
112530 135 211.809094
113545 136 962.595682
114562 137 959.389818
114792 138 211.847694
115806 139 962.5778082
116460 140 621.7441926
117476 141 962.756112
118490 142 962.810528
119148 143 621.478752
120162 144 962.3095124
121174 145 962.430212
121833 146 621.514542
122844 147 961.558784
123856 148 961.402594
124869 149 961.57541
125523 150 621.273618
126535 151 961.648598
127544 152 961.722192
128555 153 961.445298
128784 154 211.748094
129441 155 621.588716
130455 156 962.491934
131465 157 962.359133
132476 158 962.3319666
133488 159 962.133175
134144 160 621.48969
135156 161 961.772696
136169 162 961.46342
137178 163 962.379302
138187 164 962.0264026
139199 165 961.860066
140210 166 962.003724
141222 167 962.072846
141879 168 620.912426
142888 169 961.71301154
143902 170 961.4317808
144914 171 961.493262
145923 172 962.257866
146937 173 965.5828412
147949 174 961.819198
148962 175 961.6269354
149974 176 961.774132
150988 177 962.0867268
151999 178 961.771388
153012 179 961.678682
154022 180 961.7397
154678 181 621.357368
155688 182 962.271666
156343 183 621.156916
157002 184 621.559314
158013 185 962.458506
158669 186 621.89242
159681 187 961.867178
160692 188 962.1047328
161701 189 962.015386
162716 190 968.605894
163726 191 961.840178
164736 192 961.3651002
165746 193 961.907204
166757 194 961.523884
167767 195 961.636766
168777 196 961.317294
169787 197 961.867574
170796 198 961.590258
171806 199 961.313143
172816 200 961.830896
173826 201 961.448614
174839 202 962.191754
175849 203 962.149032
176859 204 962.164944
177870 205 961.520372
178880 206 962.1632038
179892 207 961.920332
180902 208 961.4483038
181911 209 961.535676
182921 210 961.550216
183932 211 961.413114
184943 212 961.364468
185953 213 962.031614
186962 214 962.914858
187971 215 961.8222058
188982 216 961.722206
189992 217 961.685592
191003 218 961.94861
192013 219 961.693192
192669 220 620.535296
193400 221 692.334876
194410 222 961.66644
195421 223 961.933924
196432 224 961.646332
197442 225 961.38645474
198452 226 961.411505
199463 227 961.842222
200476 228 961.550992
201488 229 962.037834
202498 230 961.415326
203507 231 961.51723
204517 232 962.1305752
205530 233 965.052324
206539 234 961.853114
207549 235 961.93057432
208559 236 961.861976
209569 237 961.438164
210579 238 961.428242
211589 239 961.66644
212599 240 961.861824
213610 241 961.473256
214620 242 961.34223
215630 243 961.861824
216640 244 962.1300748
217651 245 961.588908
218664 246 964.431432
219673 247 961.787918
220682 248 961.5483658
221692 249 962.031746
222702 250 961.579892
223712 251 961.867574
224724 252 961.92127
225734 253 962.1959786
226747 254 961.75617
227758 255 961.864776
228769 256 961.709416
229780 257 962.109894
230791 258 961.582656
231801 259 961.951552
232810 260 962.376717
233821 261 961.862208
234830 262 961.8430828
235844 263 962.0931062
236854 264 962.148738
237870 265 961.763156
238879 266 961.898646
239889 267 961.284964
240898 268 961.628456
241908 269 962.02907
242919 270 961.52987
243929 271 961.947064
244938 272 961.535676
245947 273 962.828374
246957 274 961.609348
247969 275 962.026686
248979 276 961.933006
249989 277 961.777852
251001 278 962.019504
252011 279 961.511952
253022 280 961.814112
254032 281 961.2152154
255042 282 961.3236428
256052 283 961.804054
257062 284 961.845662
258073 285 961.3647064
259082 286 962.3713074
259312 287 211.868894
260323 288 961.814112
261333 289 961.649618
262343 290 962.1535354
263353 291 961.642568
264364 292 961.282114
265374 293 961.1930842
266385 294 961.668222
267395 295 961.453138
268404 296 962.3018014
269414 297 962.149032
270424 298 961.663774
271434 299 961.452556
272443 300 960.234648
273454 301 961.4495072
274463 302 961.8430828
275473 303 962.236838
276483 304 962.1278432
277493 305 960.20501
278503 306 961.66644
279513 307 961.5861906
280524 308 962.065222
281536 309 961.3796968
282547 310 961.946582
283557 311 961.554842
284566 312 961.675648
285221 313 621.161388
285876 314 621.429296
286886 315 961.746612
287897 316 961.940142
288165 317 247.689694
288820 318 621.70051
289476 319 621.307044
290132 320 621.735096
291150 321 962.274124
292161 322 961.757
293169 323 960.855866
294179 324 961.969356
295189 325 962.3682316
296199 326 962.2885998
296854 327 621.239652
297863 328 961.837888
298872 329 962.75747
299884 330 962.179418
300540 331 622.053112
301194 332 621.526368
302204 333 961.443706
303213 334 962.5564666
304222 335 962.705376
305232 336 961.349066
306242 337 961.912916
307252 338 961.933558
308263 339 961.623122
309273 340 961.788942
310285 341 962.060904
311295 342 962.140932
312305 343 961.810246
313314 344 961.852446
314324 345 962.406146
315334 346 961.566606
316344 347 961.706238
317354 348 962.236838
318367 349 965.361324
319376 350 961.88175
320386 351 962.125098
320615 352 211.748094
321627 353 961.895698
322636 354 961.513508
323645 355 962.14146
324654 356 961.628006
325663 357 962.144366
326673 358 962.1151586
327683 359 961.309833
328692 360 961.787918
329702 361 961.4954756
330711 362 961.773232
331721 363 961.255414
332732 364 961.894742
333741 365 961.535676
334751 366 961.876468
335760 367 961.535676
336770 368 962.156372
337780 369 961.957238
338790 370 961.550216
339800 371 962.365216
340455 372 621.421426
341465 373 962.1794358
342474 374 961.904604
343484 375 962.406146
344494 376 962.09434
345504 377 962.130156
346514 378 961.618724
347523 379 961.853114
348532 380 962.636514
349542 381 962.2539848
350552 382 961.845662
351562 383 962.145015
352571 384 961.610622
353581 385 961.602084
354591 386 962.128214
355601 387 961.861824
356611 388 961.94761
357621 389 961.901596
358632 390 961.66876
359641 391 962.888496
360651 392 962.164944
361660 393 961.535676
362670 394 962.236838
363679 395 961.638762
364688 396 962.81582
365698 397 961.888244
366707 398 961.535676
367716 399 961.720516
368726 400 964.379396
369735 401 962.215694
370745 402 961.85734
371754 403 961.535676
372764 404 962.164944
373774 405 961.3006
374783 406 962.3275916
375793 407 962.1794358
376802 408 961.535676
377812 409 961.994122
378822 410 961.947064
379831 411 961.53935
380486 412 621.617496
381496 413 961.89435
382505 414 961.610622
383515 415 962.081766
384524 416 961.629212
385533 417 961.535676
386543 418 962.145015
387554 419 961.449394
388563 420 961.596534
389572 421 961.853114
390582 422 961.585886
391591 423 961.535676
392601 424 962.2038794
393612 425 961.437255
394621 426 962.14146
395631 427 961.255414
396641 428 962.2038794
397658 429 961.81369086
398311 430 621.159168
399320 431 962.81605
400329 432 961.535676
401339 433 962.406146
402348 434 961.627716
403358 435 964.368636
404368 436 961.744256
405378 437 962.406146
405607 438 212.018894
406622 439 968.702122
407632 440 961.969378
408642 441 961.970674
409652 442 962.10535
410662 443 961.27825464
411317 444 621.1165418
411546 445 211.748094
412556 446 961.995876
413565 447 962.66254
414576 448 962.101126
415592 449 971.257076
416602 450 961.982888
417256 451 621.715568
417911 452 621.686026
418920 453 961.535676
419929 454 962.690524
420158 455 211.748094
420812 456 621.192256
421822 457 964.3074
422831 458 962.81605
423485 459 621.499496
424494 460 963.602854
425503 461 962.4360986
426512 462 961.635822
427522 463 964.9180738
428543 464 974.828936
429552 465 961.853114
430561 466 961.853114
431216 467 621.186468
432226 468 962.0526
432883 469 621.508582
433892 470 961.793004
434902 471 964.672548
435911 472 962.1076
436933 473 973.04742
437587 474 621.715568
437816 475 212.018894
438835 476 971.347548
439844 477 963.17603
440073 478 212.018894
441082 479 962.3109684
442092 480 962.406146
442748 481 621.868582
443760 482 962.389142
444769 483 962.81605
445424 484 621.564056
446079 485 621.104676
447088 486 961.860846
448097 487 961.853114
449107 488 962.186922
450117 489 961.650446
451126 490 961.97694
452135 491 961.89249
453144 492 962.14146
454153 493 961.535676
455163 494 962.1305752
456172 495 962.158146
457181 496 961.535676
458191 497 964.3074
459200 498 961.535676
460209 499 962.81582
461218 500 961.56854
461447 501 211.748094
