18 1 8.884
267 2 218.1823
298 3 19.86
587 4 255.423064
618 5 19.858
1644 6 944.3754
1933 7 257.922994
2622 8 630.574636
2901 9 250.985482
3179 10 249.771916
3867 11 635.479224
4138 12 241.432188
4169 13 19.858
4481 14 282.756588
5170 15 635.9139038
5200 16 19.426
5231 17 18.86
5480 18 223.9217038
6198 19 660.393926
6648 20 413.78961
6678 21 18.426
7367 22 636.4064948
7615 23 223.04361
8289 24 622.26080454
8536 25 219.720792
8807 26 242.350388
9096 27 260.6373038
9815 28 664.1627236
9845 29 19.694
10113 30 240.7603
11131 31 949.9095844
11442 32 283.570866
11753 33 284.463726
12771 34 953.387524
13789 35 953.6369888
14807 36 952.376504
15833 37 961.9314508
16865 38 970.690458
17607 39 694.551488
18630 40 961.899714
19653 41 961.44531532
19964 42 284.3831508
20705 43 693.532706
20983 44 251.627926
21230 45 223.324066
22249 46 950.0058678
23275 47 956.3339408
24292 48 956.9988228
25318 49 960.5872034
25630 50 284.635188
25941 51 283.458316
26252 52 283.715756
27270 53 951.71772452
28299 54 963.5244714
29317 55 952.420557
29629 56 285.546134
30647 57 953.134922
30958 58 283.2777038
31635 59 629.641246
32380 60 694.285738
32692 61 285.935594
32940 62 224.079472
33681 63 692.992456
34700 64 952.815698
35443 65 693.826018
36461 66 953.5793764
37203 67 693.270824
38226 68 961.367418
38968 69 695.964404
39986 70 954.250622
41004 71 953.177986
42028 72 962.2093966
43047 73 960.838072
44069 74 962.31333
45089 75 961.481126
46115 76 962.581158
46379 77 240.159374
47396 78 961.5182878
47707 79 284.36911
48728 80 961.682976
49745 81 961.703434
50057 82 285.723344
50368 83 284.388974
51389 84 962.228406
51624 85 212.673472
52645 86 962.5616264
53662 87 958.637382
54687 88 962.114914
55705 89 951.8992558
56724 90 962.684708
57465 91 693.6061384
58484 92 962.892128
59508 93 962.80764
60535 94 963.0309974
61559 95 961.997486
62584 96 963.160094
63601 97 954.9360264
63835 98 212.230632
64100 99 241.323372
64388 100 260.365804
65407 101 962.2959722
66434 102 962.939332
67459 103 963.232846
68478 104 963.1169192
69220 105 692.8875886
70240 106 962.448496
70478 107 215.496204
70766 108 263.70376
71783 109 952.161726
72017 110 211.806572
73031 111 961.710702
73265 112 212.150632
74284 113 962.440362
74944 114 621.925246
75965 115 962.476606
76213 116 223.913832
76447 117 212.320372
77467 118 962.3022098
78486 119 962.726468
79506 120 962.1576534
79738 121 211.691172
80396 122 621.653266
80631 123 212.577972
81303 124 622.98449
81591 125 263.983432
81855 126 241.084174
82090 127 212.563972
82378 128 258.466432
82614 129 212.465572
83631 130 950.264276
83866 131 212.283972
84102 132 212.628372
84770 133 622.451082
85004 134 211.883372
85238 135 212.011972
85474 136 211.958432
85762 137 262.715632
86427 138 622.095736
86663 139 212.456804
86897 140 212.344832
87130 141 212.380832
87794 142 622.17117484
88030 143 212.235432
88265 144 212.185632
88501 145 212.324572
88734 146 211.777032
88970 147 212.177572
89205 148 211.921832
89453 149 222.612372
90482 150 958.9685652
90730 151 224.478572
90964 152 211.878374
91196 153 211.649372
91863 154 622.895424
92099 155 212.159432
92347 156 223.399172
92615 157 240.930432
92852 158 212.720032
93086 159 212.169774
93753 160 622.383284
93988 161 212.335372
94253 162 240.855232
94488 163 212.063632
94723 164 212.248432
94958 165 212.241772
95194 166 211.968032
95432 167 215.17336
95666 168 212.129372
95901 169 212.454972
96137 170 212.574572
96371 171 212.129372
96605 172 211.873172
97273 173 629.259716
97943 174 622.577584
98179 175 212.177572
98415 176 212.410972
98647 177 211.933632
98881 178 213.054372
99119 179 217.095032
99388 180 247.06396
99623 181 211.999972
99857 182 212.541972
100093 183 212.156372
100327 184 212.129372
100559 185 211.658172
100795 186 212.720972
101028 187 211.715572
101261 188 212.149572
101495 189 211.922432
101730 190 212.195972
101968 191 215.461372
102206 192 215.770372
102442 193 212.270832
102676 194 211.937632
102912 195 212.617172
103147 196 212.143172
103381 197 211.940372
103525 198 125.476172
103773 199 223.224372
104010 200 212.406232
104245 201 212.06456
104480 202 212.385232
104715 203 212.027172
104950 204 212.238972
105618 205 622.406512
105854 206 212.136632
106883 207 956.78974
107117 208 211.937632
107788 209 623.0743216
108025 210 212.146432
108259 211 212.568372
108494 212 212.037372
108726 213 211.761172
108962 214 211.894232
109194 215 211.744172
109430 216 212.357372
109665 217 212.611632
109898 218 212.118232
110130 219 211.92116
110378 220 222.594432
110612 221 211.879632
110850 222 216.216772
111086 223 212.421632
111320 224 212.150972
111557 225 212.534632
111793 226 211.968032
112025 227 212.222772
112261 228 212.174032
112526 229 240.302372
112760 230 212.017972
112997 231 212.528572
113235 232 216.269772
113483 233 224.459372
113637 234 133.999572
113875 235 216.749972
114910 236 973.659458
115146 237 212.380832
115394 238 222.594432
115628 239 212.619432
115862 240 212.336232
116098 241 212.336232
117114 242 949.4415168
117350 243 212.191372
117586 244 212.353372
117855 245 241.906432
118008 246 133.660372
118244 247 211.968572
118479 248 212.308772
118717 249 215.553572
118951 250 211.937632
119199 251 223.260972
119447 252 222.794372
119716 253 241.996372
119950 254 212.617572
120186 255 212.631972
120434 256 222.340432
121103 257 622.840986
121340 258 212.681372
122360 259 962.318026
123018 260 621.651666
124042 261 963.0064086
125060 262 962.33039914
126077 263 961.9562522
126312 264 211.923172
127332 265 962.129356
128347 266 961.8404044
129361 267 962.123458
130377 268 961.598618
131392 269 961.7881814
131624 270 212.17736
131857 271 211.973972
132091 272 211.855172
132327 273 212.130172
132562 274 212.352172
132802 275 212.268172
133039 276 212.237972
133174 277 116.617172
133408 278 211.972432
133640 279 212.137172
134662 280 957.8306618
134895 281 212.292572
135553 282 621.988188
135786 283 211.654772
136804 284 962.999198
137036 285 211.687972
137268 286 211.531372
137503 287 212.398772
137736 288 211.767572
137968 289 211.741572
138200 290 211.737772
139224 291 963.426918
139457 292 212.221972
140118 293 622.435468
140350 294 211.873972
141367 295 961.866428
142033 296 622.486948
142694 297 622.0683148
142926 298 212.271572
143162 299 212.123172
143428 300 240.904372
143661 301 211.968972
143894 302 211.662772
144560 303 622.458718
145217 304 621.6178228
145453 305 212.353372
146110 306 621.81937
146777 307 622.751214
147010 308 211.854972
147242 309 211.860972
147475 310 211.853372
148496 311 962.5696154
148735 312 212.573372
148968 313 211.674572
149231 314 239.860572
149467 315 212.353372
149701 316 212.460172
149935 317 212.467832
150592 318 621.376922
150825 319 211.887372
151487 320 622.0725308
152499 321 962.053674
152735 322 212.353372
152970 323 212.452972
153202 324 211.902172
153438 325 212.353372
154106 326 622.398484
154339 327 212.323172
154573 328 211.972772
154806 329 212.142172
155040 330 212.364572
155273 331 212.272372
155507 332 211.844372
155741 333 212.430172
156755 334 962.7401172
157767 335 961.541946
158427 336 622.178458
158662 337 211.893572
158895 338 211.887372
159556 339 622.151688
160288 340 691.806682
160521 341 211.853372
161180 342 621.590444
161413 343 211.759172
161646 344 211.861172
161878 345 211.949972
162112 346 211.851572
163130 347 962.7953154
163366 348 212.353372
164390 349 966.957776
164625 350 212.500972
165641 351 962.473018
165874 352 212.133772
166107 353 211.753172
166774 354 622.333042
167007 355 212.150772
168018 356 962.2139184
168251 357 211.887372
168484 358 212.152372
168717 359 211.693772
168950 360 212.065572
169619 361 623.049262
170317 362 650.775608
170550 363 212.255572
170783 364 212.323172
171439 365 621.991462
171671 366 212.253372
172327 367 621.614834
173341 368 961.711913
174353 369 961.933665
175367 370 961.821208
176382 371 962.061934
176615 372 212.239172
177629 373 961.6601752
177862 374 212.342172
178100 375 216.965172
179122 376 962.204654
179354 377 211.662372
180014 378 621.817748
180247 379 212.220972
181260 380 961.382578
181508 381 223.646572
181741 382 212.323172
182398 383 621.932714
182631 384 212.031972
183645 385 962.084404
183878 386 211.659372
184889 387 962.181546
185900 388 962.143784
186911 389 961.8543466
187145 390 211.924672
188159 391 961.512542
188393 392 211.880172
189407 393 961.99971
190425 394 962.2659411
190659 395 212.444572
191670 396 961.3787384
192329 397 621.54321
193342 398 961.693884
194355 399 961.8943
195369 400 962.015194
196025 401 621.12637
196260 402 212.347772
197276 403 960.548668
197509 404 212.319772
198522 405 961.947156
199535 406 961.96724
199769 407 211.908772
200784 408 961.5654886
201799 409 961.8686472
202812 410 962.240912
203050 411 216.133372
204066 412 961.85353798
205080 413 962.070166
206092 414 961.562974
207106 415 962.302466
207339 416 212.110772
208352 417 962.006064
209366 418 961.318976
210022 419 621.4111206
210254 420 211.506772
210488 421 211.984772
210641 422 134.640172
211653 423 962.135636
212309 424 621.35911
212547 425 215.860172
213203 426 621.8847
214219 427 961.71697
214488 428 247.076972
215503 429 962.297118
216517 430 962.097308
217174 431 621.952324
217442 432 243.826172
217675 433 212.558472
218689 434 961.69279
219353 435 621.9793382
220366 436 962.308604
220599 437 211.762172
221255 438 621.789652
221910 439 621.551584
222928 440 962.04163906
223584 441 621.330454
223820 442 212.285172
224055 443 212.271972
224599 444 511.019476
225626 445 963.231382
225860 446 211.864972
226094 447 211.977572
226325 448 211.609372
226981 449 621.8302904
227212 450 211.591972
227444 451 211.726572
227588 452 126.060772
227822 453 211.936572
228056 454 212.106172
228717 455 622.101818
229373 456 621.26164936
229607 457 212.310572
230266 458 621.551186
230498 459 211.626772
230731 460 212.146172
230999 461 245.559572
231232 462 212.347772
231467 463 212.391772
231611 464 125.574572
231844 465 212.097172
232112 466 245.804172
232344 467 212.145372
232577 468 212.323172
232812 469 212.369772
233046 470 212.340572
233281 471 212.083772
233516 472 211.993772
233750 473 211.921572
233985 474 212.412172
234216 475 211.605172
234454 476 212.213972
234608 477 133.973772
234843 478 212.594572
235079 479 212.239972
235367 480 259.170372
235603 481 212.322232
235756 482 133.317372
235990 483 212.095572
236224 484 212.366972
236460 485 212.467972
236696 486 212.260972
236932 487 212.108772
237085 488 135.029372
237321 489 212.353372
237560 490 212.605772
237713 491 133.854372
237857 492 124.666572
238136 493 252.344372
238369 494 212.135972
238604 495 212.275572
238883 496 250.412372
239117 497 212.106572
239354 498 212.383972
239623 499 245.555572
239859 500 212.674372
240128 501 247.039172
240363 502 212.515772
240596 503 212.127772
240829 504 212.081972
241065 505 212.459972
241300 506 212.417372
241538 507 214.253172
241771 508 211.657572
242004 509 211.887372
242240 510 212.279372
242475 511 212.506572
242743 512 244.559572
243399 513 621.473104
244414 514 962.90172
244647 515 211.883472
245658 516 958.093476
245891 517 211.766372
246127 518 212.548472
246280 519 135.029372
247289 520 962.384772
247945 521 621.838736
248179 522 212.429772
248877 523 660.461016
249111 524 211.925772
250105 525 943.223858
250760 526 621.276624
251418 527 621.577927
251651 528 211.524172
251885 529 212.046672
252123 530 212.053372
252781 531 621.439278
253015 532 211.866572
253248 533 211.667972
253480 534 211.869972
253714 535 211.817032
253949 536 212.525872
254183 537 212.310572
254416 538 212.339772
254695 539 256.560372
254839 540 126.061772
255074 541 212.314672
255773 542 660.373794
256008 543 212.206972
256242 544 212.236172
256474 545 211.869972
256627 546 133.854372
256860 547 212.293772
257097 548 212.561572
257330 549 211.956372
257986 550 621.486112
258254 551 244.558372
259269 552 962.166264
259422 553 135.220372
259566 554 126.017232
259799 555 212.205232
260498 556 653.822458
260731 557 212.214172
260963 558 211.643972
261116 559 135.220372
261261 560 126.933172
261495 561 212.036772
261729 562 212.459972
261996 563 245.391172
262228 564 211.880372
262463 565 211.795172
263125 566 621.9039212
263781 567 621.733992
264016 568 212.069372
264250 569 211.813272
264484 570 212.214372
264718 571 212.145872
264986 572 244.506032
265254 573 246.500772
265910 574 621.6460488
266141 575 211.604372
266849 576 666.8753
266993 577 124.713672
267261 578 245.240872
268273 579 962.137282
268506 580 212.234172
268739 581 212.075232
269750 582 961.951942
270766 583 961.8522554
271033 584 245.350372
272048 585 961.992452936
273059 586 961.67495
273292 587 212.319572
273529 588 212.629172
274184 589 621.513124
274417 590 212.132172
274656 591 218.289172
274925 592 247.219972
275157 593 211.882372
