30 1 19.588
183 2 133.00236
213 3 19.694
243 4 18.694
1259 5 947.7703038
1570 6 284.538094
1819 7 223.41036
2057 8 211.901178
2210 9 133.351178
2363 10 133.47613
3063 11 650.720044
3311 12 224.652054
3600 13 260.94736
3837 14 212.38876
4070 15 212.086996
4100 16 19.694
4550 17 420.985672
5103 18 511.09988
5775 19 622.800518
5928 20 135.830978
6944 21 950.523604
7213 22 245.190778
7243 23 19.694
7396 24 135.514054
7549 25 132.10196
7579 26 19.694
8469 27 830.085286
8718 28 222.83173
8967 29 224.785294
9638 30 622.14428
9887 31 222.375978
9917 32 19.694
10205 33 257.057178
10235 34 19.694
10466 35 210.822494
11356 36 831.882836
11590 37 211.308894
11723 38 117.313694
11957 39 211.085596
12189 40 212.068094
13199 41 940.141046
13488 42 264.12753
13757 43 242.340116
13989 44 211.604094
14122 45 117.131196
14355 46 212.385396
14385 47 19.694
15393 48 938.4002398
16062 49 623.510766
16932 50 812.560138
17165 51 210.785254
17405 52 212.35296
18100 53 650.075308
18389 54 264.581654
19051 55 621.968292
19759 56 662.665118
20468 57 660.945828
20601 58 118.094694
21175 59 539.635488
21205 60 19.694
21235 61 18.694
21467 62 210.983094
21497 63 19.694
22165 64 626.742822
22454 65 265.787254
22587 66 116.523454
23604 67 953.112964
23873 68 248.188294
24304 69 401.937894
24972 70 628.373712
25633 71 622.031728
25865 72 210.926996
26756 73 842.0859156
27775 74 962.745896
28064 75 265.780054
28325 76 240.701694
28459 77 116.02693
28720 78 240.322694
29382 79 621.8224216
29614 80 210.802494
29747 81 115.965272
30058 82 283.944054
30347 83 262.48816
30615 84 245.258254
30748 85 118.096694
31322 86 539.056962
31982 87 621.7353754
32976 88 938.405882
33638 89 622.021486
34655 90 957.5463994
35352 91 650.923892
36045 92 649.89968992
36313 93 246.777494
36624 94 282.89173
36857 95 211.546778
37875 96 962.822188
38544 97 630.482522
39118 98 537.553133
39380 99 240.842494
40113 100 692.04148262
41130 101 959.4409316
42145 102 961.62049808
42839 103 650.098882
43102 104 241.274196
44117 105 961.9720626
44349 106 210.946796
45364 107 962.4466152
46057 108 650.150172
46717 109 621.708968
47734 110 958.6097102
48394 111 622.0236218
49409 112 961.63003
50424 113 962.0118624
51441 114 962.049816
51871 115 402.990494
52889 116 962.587064
53904 117 961.737182
54920 118 962.0893
55937 119 956.9644656
56953 120 962.3693684
57264 121 284.15056
58274 122 961.8614004
59286 123 961.1425242
60302 124 961.863124
60570 125 247.309694
61587 126 959.019166
62017 127 403.192694
63035 128 959.33502
64052 129 961.735852
65067 130 961.89906
66086 131 962.4509592
67103 132 959.07768
68110 133 952.563898
68767 134 621.991188
69036 135 249.088294
70053 136 958.831382
71067 137 961.837366
72093 138 962.7236736
72666 139 537.871416
73323 140 621.181608
74339 141 962.4860874
75229 142 838.975824
76253 143 961.258376
77269 144 962.113067
78291 145 968.369458
79308 146 956.01599
80326 147 962.316191
81196 148 821.916588
81508 149 285.088054
82519 150 961.233546
83533 151 962.2629744
84547 152 961.789598
85562 153 962.406904
86576 154 962.1516072
87587 155 962.012038
88599 156 962.173898
89610 157 961.572418
90622 158 961.9877408
90853 159 211.742494
91868 160 962.0255275
92892 161 970.593094
93906 162 962.13001
94921 163 962.573542
95937 164 962.400332
96669 165 691.854958
97681 166 961.816746
98695 167 961.8684924
99709 168 962.282178
100367 169 622.036246
101379 170 962.1794476
102388 171 962.3149082
103404 172 962.108156
104414 173 961.823678
105427 174 962.121482
106440 175 961.933434
107451 176 961.511202
108466 177 961.519096
109478 178 961.830274
110472 179 943.543556
110605 180 118.111094
111615 181 962.1974582
112629 182 961.843946
113642 183 961.510804
114652 184 961.494298
115662 185 962.313046
115923 186 241.084694
116937 187 962.2105802
117947 188 961.2319338
118606 189 621.0260722
119056 190 422.023094
120066 191 961.118362
121077 192 960.6623178
122089 193 962.0276424
123101 194 961.266658
124125 195 970.7608446
125136 196 962.055946
126147 197 961.773462
127160 198 961.778718
128171 199 960.780618
129194 200 970.116886
130206 201 961.5801264
131217 202 961.751988
132228 203 961.76074
132960 204 692.346412
133972 205 962.03682
134982 206 961.904598
135993 207 962.109834
137008 208 961.971944
138020 209 961.7744916
139032 210 962.0075098
139689 211 621.291988
140700 212 961.397924
141711 213 961.6659174
142722 214 961.855056
143734 215 961.3841631
144744 216 961.9519842
145755 217 962.094036
146766 218 961.9487978
147781 219 962.210786
148794 220 962.095784
149804 221 961.678276
150254 222 422.890094
150516 223 240.022494
151530 224 961.521686
152541 225 961.880118
153411 226 826.530396
154422 227 961.155038
155432 228 962.001766
155462 229 19.694
156477 230 961.413346
157487 231 961.749116
158497 232 961.976958
159509 233 961.868358
160519 234 961.1838
161531 235 961.758562
162188 236 620.848443
163199 237 961.968716
164208 238 961.800026
164865 239 621.040026
165874 240 962.156898
166881 241 955.521492
167890 242 962.2830368
168904 243 962.836134
169915 244 962.060338
170928 245 961.7812638
171939 246 961.30517102
172949 247 961.4191868
173960 248 961.1402162
174970 249 961.20058206
175981 250 961.406946
176991 251 961.7549296
178001 252 961.322547
179012 253 962.0654208
180032 254 965.563198
181044 255 962.086702
182057 256 961.740702
182287 257 211.805694
183297 258 961.194586
184306 259 962.3109684
185316 260 961.453138
186326 261 961.952996
186557 262 211.199494
187567 263 962.1843686
188577 264 961.9371072
189587 265 961.389504
190598 266 961.909214
191608 267 961.67925
192621 268 961.821132
193631 269 961.314802
194642 270 961.91358902
195652 271 961.650446
196662 272 961.640592
197671 273 961.537272
198684 274 962.275334
199695 275 961.815516
200707 276 961.875456
201717 277 962.1664696
202711 278 943.07586
203721 279 961.657008
204730 280 961.780234
205740 281 961.401214
206749 282 961.450122
207759 283 961.677536
208769 284 961.599168
209779 285 961.884436
210789 286 961.822098
211800 287 962.039988
212810 288 961.368604
213820 289 961.957238
214831 290 961.1191704
215841 291 961.579892
216103 292 240.674196
217115 293 962.243592
218125 294 961.579892
219135 295 961.928968
220145 296 961.309833
221155 297 961.368604
222167 298 961.3146922
223179 299 961.5935622
224189 300 961.335932
225199 301 961.840178
226212 302 962.055108
227223 303 961.8399
228233 304 962.1151586
229243 305 962.1134114
230253 306 961.656116
231263 307 961.653386
232273 308 961.368604
233283 309 961.746176
234293 310 961.2214772
234743 311 422.934094
235752 312 961.3109684
236762 313 961.950512
237774 314 962.017456
238784 315 961.845842
239795 316 962.148728
240807 317 961.745188
241817 318 961.602172
242827 319 961.616786
243839 320 961.768826
244849 321 961.701046
245859 322 961.443384
246868 323 962.401902
247878 324 961.845842
248889 325 961.657558
249899 326 961.950512
250909 327 961.848012
251919 328 962.111532
252929 329 961.650476
253940 330 961.888292
254950 331 961.658082
255960 332 962.149032
256973 333 962.058238
257984 334 962.031104
258994 335 961.927232
260004 336 961.534566
261014 337 961.412855
262024 338 961.140474
263034 339 961.334848
264043 340 962.81582
265053 341 961.511952
266063 342 961.645902
267077 343 961.47242
268089 344 962.040776
269100 345 961.1754722
270110 346 961.4560648
271120 347 961.928328
272130 348 962.1305752
273141 349 961.5034884
274152 350 962.16016
275162 351 961.594816
276171 352 961.770124
277181 353 962.379096
278190 354 961.7854658
279201 355 961.416413
280211 356 961.403424
281221 357 961.359974
282231 358 961.655116
283241 359 961.639714
284252 360 961.1496444
285262 361 961.579892
286273 362 961.979936
287283 363 961.561876
288293 364 962.164944
289304 365 961.60445
290314 366 961.867574
291324 367 962.1826976
292335 368 961.582656
293344 369 962.835412
294354 370 961.957238
295364 371 962.128214
296377 372 961.6461362
297386 373 961.76762
298396 374 961.950512
299406 375 961.830896
300417 376 961.623122
301427 377 961.845842
